Species,Label,Unmapped rate,Uniquely mapped rate,Multiple mapped rate,MQI
Acanthochromis polyacanthus,Actinopteri,12.43,84.02,3.54,0.906370461
Acanthochromis polyacanthus,Actinopteri,12.58,83.65,3.77,0.903834449
Acanthochromis polyacanthus,Actinopteri,9.24,87.04,3.72,0.926759992
Acanthochromis polyacanthus,Actinopteri,8.24,86.71,5.05,0.924528302
Acanthochromis polyacanthus,Actinopteri,11.14,85.82,3.03,0.918543315
Acanthochromis polyacanthus,Actinopteri,9.42,85.81,4.77,0.918441875
Acanthochromis polyacanthus,Actinopteri,11.49,84.83,3.68,0.911814432
Acanthochromis polyacanthus,Actinopteri,14.2,82.36,3.44,0.89511057
Acanthochromis polyacanthus,Actinopteri,10.27,86,3.72,0.919760601
Acanthochromis polyacanthus,Actinopteri,10.37,86.08,3.55,0.920267803
Acanthochromis polyacanthus,Actinopteri,12.14,84.52,3.34,0.909717996
Acanthochromis polyacanthus,Actinopteri,11.45,85.3,3.25,0.914992899
Acanthochromis polyacanthus,Actinopteri,11.73,84.97,3.3,0.912761209
Acanthochromis polyacanthus,Actinopteri,11.15,85.14,3.71,0.913910868
Acanthochromis polyacanthus,Actinopteri,13.82,82.55,3.63,0.896395483
Acanthochromis polyacanthus,Actinopteri,9.42,86.75,3.83,0.92479881
Acanthochromis polyacanthus,Actinopteri,10.2,86.05,3.75,0.920064922
Acanthochromis polyacanthus,Actinopteri,13.18,83.28,3.54,0.901332251
Acanthochromis polyacanthus,Actinopteri,12.18,84.58,3.25,0.910089944
Acanthochromis polyacanthus,Actinopteri,11.48,85.45,3.07,0.916007304
Acanthochromis polyacanthus,Actinopteri,12.65,83.96,3.39,0.905930885
Acanthochromis polyacanthus,Actinopteri,12.94,83.84,3.22,0.905119362
Acanthochromis polyacanthus,Actinopteri,11.72,85.42,2.87,0.915770609
Acanthochromis polyacanthus,Actinopteri,11.76,84.37,3.87,0.908703591
Acanthochromis polyacanthus,Actinopteri,13.94,82.41,3.64,0.895482518
Acanthochromis polyacanthus,Actinopteri,13.71,82.99,3.3,0.899371069
Acanthochromis polyacanthus,Actinopteri,9.36,87.31,3.33,0.92858592
Acanthochromis polyacanthus,Actinopteri,12.9,83.6,3.5,0.903496314
Acanthochromis polyacanthus,Actinopteri,16.51,80.27,3.22,0.880976533
Acanthochromis polyacanthus,Actinopteri,11.42,84.6,3.98,0.910259011
Ailuropoda melanoleuca,Mammalia,25.87,70.68,3.45,0.81612227
Ailuropoda melanoleuca,Mammalia,11.03,86.58,2.39,0.923649151
Ailuropoda melanoleuca,Mammalia,11.69,85.62,2.68,0.917190776
Ailuropoda melanoleuca,Mammalia,11.53,85.77,2.7,0.918171367
Ailuropoda melanoleuca,Mammalia,21.95,74.84,3.21,0.844255089
Ailuropoda melanoleuca,Mammalia,16.1,81.28,2.62,0.887806857
Ailuropoda melanoleuca,Mammalia,12.02,85.22,2.76,0.914451883
Ailuropoda melanoleuca,Mammalia,18.8,78.69,2.51,0.870291472
Ailuropoda melanoleuca,Mammalia,25.62,71.03,3.35,0.818489213
Ailuropoda melanoleuca,Mammalia,13.17,84.47,2.36,0.909379861
Ailuropoda melanoleuca,Mammalia,22.69,73.85,3.45,0.837593832
Ailuropoda melanoleuca,Mammalia,32.79,64.39,2.82,0.773584906
Ailuropoda melanoleuca,Mammalia,12.88,83.56,3.56,0.903225806
Ailuropoda melanoleuca,Mammalia,15.87,80.51,3.62,0.882599581
Ailuropoda melanoleuca,Mammalia,9.8,84.44,5.76,0.90917698
Ailuropoda melanoleuca,Mammalia,14.86,81.69,3.44,0.890613377
Ailuropoda melanoleuca,Mammalia,13.05,83.2,3.75,0.900791236
Ailuropoda melanoleuca,Mammalia,13.7,83.63,2.68,0.903665382
Ailuropoda melanoleuca,Mammalia,19.42,77.53,3.05,0.862446744
Ailuropoda melanoleuca,Mammalia,20.55,76.94,2.52,0.858422939
Ailuropoda melanoleuca,Mammalia,27.37,57.28,15.35,0.72550213
Ailuropoda melanoleuca,Mammalia,14.18,83.1,2.72,0.900114966
Ailuropoda melanoleuca,Mammalia,24.64,71.7,3.65,0.823054034
Ailuropoda melanoleuca,Mammalia,23.75,62.76,13.48,0.762595523
Ailuropoda melanoleuca,Mammalia,14.39,81.63,3.98,0.890173801
Ailuropoda melanoleuca,Mammalia,30.53,59.28,10.18,0.739061338
Ailuropoda melanoleuca,Mammalia,11.81,85.28,2.91,0.914857645
Ailuropoda melanoleuca,Mammalia,23.98,61.24,14.78,0.75228241
Ailuropoda melanoleuca,Mammalia,15.04,82.26,2.71,0.894400487
Ailuropoda melanoleuca,Mammalia,11.53,85.79,2.68,0.918306621
Amphilophus citrinellus,Actinopteri,31.53,66.61,1.86,0.788598093
Amphilophus citrinellus,Actinopteri,36.34,61.23,2.43,0.752214783
Amphilophus citrinellus,Actinopteri,40.23,58.52,1.25,0.733887874
Amphilophus citrinellus,Actinopteri,38.96,59.86,1.18,0.742949888
Amphilophus citrinellus,Actinopteri,31.54,66.4,2.06,0.787177927
Amphilophus citrinellus,Actinopteri,37.46,60.97,1.58,0.750422669
Amphilophus citrinellus,Actinopteri,30.93,65.64,3.43,0.782038277
Amphilophus citrinellus,Actinopteri,13.56,83.89,2.55,0.905457496
Amphilophus citrinellus,Actinopteri,13.76,84.1,2.14,0.906877663
Amphilophus citrinellus,Actinopteri,31.86,66.11,2.03,0.785216744
Amphilophus citrinellus,Actinopteri,14.45,83.13,2.42,0.900317847
Amphilophus citrinellus,Actinopteri,37.67,60.51,1.81,0.747379455
Amphilophus citrinellus,Actinopteri,14.89,83.73,1.38,0.904375465
Amphilophus citrinellus,Actinopteri,37.32,60.41,2.27,0.746669372
Amphilophus citrinellus,Actinopteri,36.1,61.65,2.25,0.755055116
Amphilophus citrinellus,Actinopteri,17.08,81.19,1.73,0.887198215
Amphilophus citrinellus,Actinopteri,15.19,83.12,1.69,0.90025022
Amphilophus citrinellus,Actinopteri,13.81,83.97,2.21,0.906032326
Amphilophus citrinellus,Actinopteri,17.03,81.25,1.72,0.887603976
Amphilophus citrinellus,Actinopteri,34.14,63.33,2.53,0.766416447
Amphilophus citrinellus,Actinopteri,38.1,59.97,1.93,0.743693785
Amphilophus citrinellus,Actinopteri,37.84,60.04,2.12,0.744167174
Amphilophus citrinellus,Actinopteri,33.62,64.11,2.27,0.771691351
Amphilophus citrinellus,Actinopteri,14.61,83.6,1.79,0.903496314
Amphilophus citrinellus,Actinopteri,14.57,84.04,1.39,0.906471901
Amphilophus citrinellus,Actinopteri,33.94,63.59,2.47,0.768174748
Amphilophus citrinellus,Actinopteri,17,80.76,2.24,0.884290255
Amphilophus citrinellus,Actinopteri,17.16,80.6,2.24,0.883208223
Amphilophus citrinellus,Actinopteri,34.1,64.07,1.83,0.771420843
Amphilophus citrinellus,Actinopteri,35.12,63.25,1.63,0.765875431
Amphiprion ocellaris,Actinopteri,14.65,81.96,3.39,0.892405491
Amphiprion ocellaris,Actinopteri,7.14,90.03,2.83,0.946980456
Amphiprion ocellaris,Actinopteri,10.94,81.33,7.73,0.888144992
Amphiprion ocellaris,Actinopteri,7.43,86.28,6.29,0.921620342
Amphiprion ocellaris,Actinopteri,7.87,85.15,6.99,0.913944681
Amphiprion ocellaris,Actinopteri,7.72,83.43,8.85,0.902346656
Amphiprion ocellaris,Actinopteri,6.96,86.9,6.13,0.925847028
Amphiprion ocellaris,Actinopteri,8.85,84.69,6.46,0.910867654
Amphiprion ocellaris,Actinopteri,7.66,84.8,7.54,0.911611551
Amphiprion ocellaris,Actinopteri,7.28,85.19,7.53,0.914249003
Amphiprion ocellaris,Actinopteri,6.96,84.74,8.3,0.911205789
Amphiprion ocellaris,Actinopteri,10.28,83.02,6.71,0.899540137
Amphiprion ocellaris,Actinopteri,7.01,87.59,5.39,0.930513289
Amphiprion ocellaris,Actinopteri,14.33,79.98,5.69,0.879015351
Amphiprion ocellaris,Actinopteri,17.47,78.23,4.3,0.867180632
Amphiprion ocellaris,Actinopteri,6.49,86.99,6.52,0.926421857
Amphiprion ocellaris,Actinopteri,7.55,84.92,7.53,0.912423074
Amphiprion ocellaris,Actinopteri,7.9,86.11,5.99,0.920470684
Amphiprion ocellaris,Actinopteri,7.13,83.26,9.61,0.901196997
Amphiprion ocellaris,Actinopteri,7.25,84.01,8.74,0.90626902
Amphiprion ocellaris,Actinopteri,8.13,82.96,8.92,0.899134375
Amphiprion ocellaris,Actinopteri,7.04,85.9,7.06,0.919050517
Amphiprion ocellaris,Actinopteri,8.22,84.57,7.21,0.91005613
Amphiprion ocellaris,Actinopteri,7.29,84.73,7.99,0.911104348
Amphiprion ocellaris,Actinopteri,16.68,77.87,5.44,0.864779874
Amphiprion ocellaris,Actinopteri,16.58,78.09,5.33,0.866233854
Amphiprion ocellaris,Actinopteri,13.42,81.13,5.45,0.886792453
Amphiprion ocellaris,Actinopteri,8.54,83.48,7.97,0.902718604
Amphiprion ocellaris,Actinopteri,13.57,80.66,5.77,0.883613985
Amphiprion ocellaris,Actinopteri,13.76,80.37,5.87,0.881652803
Amphiprion percula,Actinopteri,10.39,86.74,2.88,0.924697369
Amphiprion percula,Actinopteri,10.07,87.17,2.76,0.927639142
Amphiprion percula,Actinopteri,9.67,87.41,2.92,0.92926219
Amphiprion percula,Actinopteri,10.72,86.47,2.82,0.922871441
Amphiprion percula,Actinopteri,10.89,86.31,2.8,0.921823223
Amphiprion percula,Actinopteri,11.12,85.91,2.97,0.919118144
Amphiprion percula,Actinopteri,10.89,86.33,2.79,0.921924664
Amphiprion percula,Actinopteri,9.96,87.3,2.74,0.928518293
Amphiprion percula,Actinopteri,10.29,86.82,2.89,0.925272199
Amphiprion percula,Actinopteri,10.9,86.23,2.87,0.921282207
Amphiprion percula,Actinopteri,9.24,87.92,2.83,0.932744979
Amphiprion percula,Actinopteri,10.2,87.03,2.78,0.926658551
Amphiprion percula,Actinopteri,8.35,88.65,3,0.937647934
Amphiprion percula,Actinopteri,10.5,86.82,2.68,0.925272199
Amphiprion percula,Actinopteri,10.2,86.85,2.95,0.925475079
Amphiprion percula,Actinopteri,9.51,87.46,3.04,0.929566511
Amphiprion percula,Actinopteri,14.31,82.83,2.86,0.898289038
Amphiprion percula,Actinopteri,10.84,85.84,3.32,0.918644756
Amphiprion percula,Actinopteri,11.54,84.7,3.77,0.910901468
Amphiprion percula,Actinopteri,10.86,83.25,5.9,0.901095557
Amphiprion percula,Actinopteri,9.28,87.85,2.88,0.932203963
Amphiprion percula,Actinopteri,8.4,84.4,7.2,0.908906472
Amphiprion percula,Actinopteri,8.99,84.86,6.15,0.912017313
Amphiprion percula,Actinopteri,9.6,87.45,2.95,0.929532698
Amphiprion percula,Actinopteri,9,82.16,8.84,0.893758031
Amphiprion percula,Actinopteri,9.89,87.43,2.68,0.929397444
Amphiprion percula,Actinopteri,13.34,83.68,2.98,0.90403733
Amphiprion percula,Actinopteri,8.61,85.11,6.28,0.913707987
Amphiprion percula,Actinopteri,11.06,85.94,3,0.919321025
Amphiprion percula,Actinopteri,9.44,84.48,6.08,0.909447488
Anas platyrhynchos,Livestock animals,11.48,81.93,6.59,0.89220261
Anas platyrhynchos,Livestock animals,11.73,81.61,6.66,0.890038547
Anas platyrhynchos,Livestock animals,11.79,80.87,7.34,0.885034152
Anas platyrhynchos,Livestock animals,10.77,81.83,7.4,0.891526341
Anas platyrhynchos,Livestock animals,11.01,81.64,7.35,0.890241428
Anas platyrhynchos,Livestock animals,11,81.89,7.11,0.891932103
Anas platyrhynchos,Livestock animals,11.43,81.1,7.47,0.886589572
Anas platyrhynchos,Livestock animals,12.13,80.91,6.96,0.885304659
Anas platyrhynchos,Livestock animals,11.32,82.3,6.38,0.894704808
Anas platyrhynchos,Livestock animals,12.28,80.74,6.98,0.884155001
Anas platyrhynchos,Livestock animals,11.31,82.2,6.49,0.894028539
Anas platyrhynchos,Livestock animals,11.64,81.2,7.16,0.887265842
Anas platyrhynchos,Livestock animals,11.09,80.42,8.5,0.881957125
Anas platyrhynchos,Livestock animals,11.17,80.89,7.95,0.885135592
Anas platyrhynchos,Livestock animals,11.62,78.63,9.76,0.869851897
Anas platyrhynchos,Livestock animals,11.24,82.24,6.52,0.894299046
Anas platyrhynchos,Livestock animals,11.36,80.81,7.83,0.88462839
Anas platyrhynchos,Livestock animals,12.13,78.62,9.25,0.869818083
Anas platyrhynchos,Livestock animals,11.46,80.28,8.26,0.88104416
Anas platyrhynchos,Livestock animals,11.42,82.31,6.26,0.894806249
Anas platyrhynchos,Livestock animals,11.58,80.55,7.87,0.882870089
Anas platyrhynchos,Livestock animals,11.03,79.21,9.75,0.873841888
Anas platyrhynchos,Livestock animals,11.49,79.77,8.74,0.877595185
Anas platyrhynchos,Livestock animals,11.44,81.7,6.86,0.89064719
Anas platyrhynchos,Livestock animals,12.09,80.3,7.62,0.881145601
Anas platyrhynchos,Livestock animals,11.41,80.3,8.29,0.881179414
Anas platyrhynchos,Livestock animals,11.31,80.96,7.74,0.885608981
Anas platyrhynchos,Livestock animals,10.87,82.56,6.57,0.896463109
Anas platyrhynchos,Livestock animals,10.98,79.62,9.4,0.87658078
Anas platyrhynchos,Livestock animals,11.69,78.11,10.2,0.866369108
Anolis carolinensis,Lepidosauria,21.85,69.84,8.3,0.810475418
Anolis carolinensis,Lepidosauria,22.09,71.02,6.89,0.818421587
Anolis carolinensis,Lepidosauria,38.83,55.88,5.29,0.716034355
Anolis carolinensis,Lepidosauria,26.99,65.9,7.11,0.783796578
Anolis carolinensis,Lepidosauria,25.92,67.06,7.02,0.791641307
Anolis carolinensis,Lepidosauria,15.07,77.87,7.07,0.864712247
Anolis carolinensis,Lepidosauria,21.22,72.11,6.67,0.825792926
Anolis carolinensis,Lepidosauria,23.36,69.58,7.06,0.808683303
Anolis carolinensis,Lepidosauria,31.82,61.73,6.45,0.755596132
Anolis carolinensis,Lepidosauria,15.05,78.16,6.79,0.866707243
Anolis carolinensis,Lepidosauria,26.01,63.58,10.41,0.768107121
Anolis carolinensis,Lepidosauria,27.14,66.1,6.76,0.785149117
Anolis carolinensis,Lepidosauria,21.66,71.58,6.76,0.822208697
Anolis carolinensis,Lepidosauria,39.58,54.87,5.55,0.709204031
Anolis carolinensis,Lepidosauria,31.96,61.67,6.37,0.75519037
Anolis carolinensis,Lepidosauria,19,74.41,6.59,0.841347129
Anolis carolinensis,Lepidosauria,31.12,60.46,8.42,0.747007507
Anolis carolinensis,Lepidosauria,15.29,73.5,11.21,0.835193075
Anolis carolinensis,Lepidosauria,37.74,53.23,9.03,0.698113208
Anolis carolinensis,Lepidosauria,36.59,54.38,9.03,0.705890309
Anolis carolinensis,Lepidosauria,29.99,63.02,7,0.764286197
Anolis carolinensis,Lepidosauria,15.43,77.93,6.64,0.865151823
Anolis carolinensis,Lepidosauria,22.52,70.57,6.92,0.815344559
Anolis carolinensis,Lepidosauria,30.16,60.03,9.81,0.744099547
Anolis carolinensis,Lepidosauria,28.77,57.55,13.68,0.727328058
Anolis carolinensis,Lepidosauria,14.64,78.47,6.89,0.868803679
Anolis carolinensis,Lepidosauria,26.51,67.38,6.11,0.79380537
Anolis carolinensis,Lepidosauria,19.66,73.52,6.83,0.835294515
Anolis carolinensis,Lepidosauria,32.73,53.05,14.23,0.696862109
Anolis carolinensis,Lepidosauria,53.13,42.9,3.97,0.628254548
Anser cygnoides,Aves,24.36,71.6,4.04,0.822343951
Anser cygnoides,Aves,22.04,73.93,4.03,0.838101035
Anser cygnoides,Aves,25.1,70.13,4.77,0.812402786
Anser cygnoides,Aves,24.55,70.19,5.26,0.812808548
Anser cygnoides,Aves,28.01,69.63,2.36,0.809021438
Anser cygnoides,Aves,27.34,70.04,2.62,0.811794144
Anser cygnoides,Aves,20.87,77.4,1.73,0.861567593
Anser cygnoides,Aves,26.14,71.25,2.61,0.819977007
Anser cygnoides,Aves,34.95,64.19,0.86,0.772232366
Anser cygnoides,Aves,19.05,79.21,1.74,0.873808075
Anser cygnoides,Aves,17.51,80.23,2.26,0.880706026
Anser cygnoides,Aves,25.24,73.09,1.66,0.832454183
Anser cygnoides,Aves,19.93,77.49,2.58,0.862176236
Anser cygnoides,Aves,24.34,74.07,1.58,0.839081626
Anser cygnoides,Aves,30.26,68.62,1.12,0.802191114
Anser cygnoides,Aves,27.73,69.71,2.57,0.80952864
Anser cygnoides,Aves,25.75,72.66,1.59,0.82951241
Anser cygnoides,Aves,22.15,76.5,1.34,0.855514979
Anser cygnoides,Aves,31.63,67.54,0.83,0.794887401
Anser cygnoides,Aves,22.13,76.29,1.59,0.854027186
Anser cygnoides,Aves,23.42,75.04,1.54,0.845607628
Anser cygnoides,Aves,23.29,75.13,1.58,0.846216271
Anser cygnoides,Aves,23.38,75.1,1.52,0.84601339
Anser cygnoides,Aves,19.81,78.81,1.38,0.871102996
Anser cygnoides,Aves,21.71,76.74,1.54,0.857138027
Anser cygnoides,Aves,24.17,74.29,1.54,0.840535606
Anser cygnoides,Aves,34.55,64.6,0.85,0.775005072
Anser cygnoides,Aves,30.45,68.47,1.07,0.801210523
Anser cygnoides,Aves,22.46,76.18,1.36,0.853317103
Anser cygnoides,Aves,30.56,68.5,0.93,0.801413404
Arabidopsis thaliana,Magnoliopsida,3.65,92.4,3.95,0.963008048
Arabidopsis thaliana,Magnoliopsida,3.38,93.32,3.3,0.969229729
Arabidopsis thaliana,Magnoliopsida,3.19,93.78,3.03,0.972340569
Arabidopsis thaliana,Magnoliopsida,3.93,92.21,3.86,0.961723135
Arabidopsis thaliana,Magnoliopsida,3.67,92.91,3.41,0.966490837
Arabidopsis thaliana,Magnoliopsida,3.6,93.86,2.53,0.972915399
Arabidopsis thaliana,Magnoliopsida,7.52,90.64,1.84,0.951105701
Arabidopsis thaliana,Magnoliopsida,4.23,85.16,10.62,0.914012308
Arabidopsis thaliana,Magnoliopsida,3.6,92.9,3.5,0.966389396
Arabidopsis thaliana,Magnoliopsida,22.04,76.57,1.39,0.855954555
Arabidopsis thaliana,Magnoliopsida,19.51,78.69,1.8,0.870291472
Arabidopsis thaliana,Magnoliopsida,40.24,53.89,5.87,0.702576588
Arabidopsis thaliana,Magnoliopsida,3.86,91.61,4.52,0.95769933
Arabidopsis thaliana,Magnoliopsida,3.42,93.16,3.42,0.968147697
Arabidopsis thaliana,Magnoliopsida,10.55,42.71,46.74,0.626969635
Arabidopsis thaliana,Magnoliopsida,3.68,93.59,2.73,0.971055657
Arabidopsis thaliana,Magnoliopsida,3.14,82.01,14.85,0.892743626
Arabidopsis thaliana,Magnoliopsida,16.5,81.65,1.85,0.890309055
Arabidopsis thaliana,Magnoliopsida,3.54,87.16,9.3,0.927571516
Arabidopsis thaliana,Magnoliopsida,3.52,87.13,9.35,0.927368635
Arabidopsis thaliana,Magnoliopsida,7,42.6,50.4,0.626225739
Arabidopsis thaliana,Magnoliopsida,6.87,56.58,36.56,0.720734429
Arabidopsis thaliana,Magnoliopsida,4.23,80.74,15.03,0.884155001
Arabidopsis thaliana,Magnoliopsida,4.2,80.76,15.04,0.884290255
Arabidopsis thaliana,Magnoliopsida,3.08,85.79,11.13,0.918306621
Arabidopsis thaliana,Magnoliopsida,8.37,43.55,48.07,0.632684114
Arabidopsis thaliana,Magnoliopsida,3.32,92.38,4.29,0.962906607
Arabidopsis thaliana,Magnoliopsida,3.1,85.78,11.12,0.918238994
Arabidopsis thaliana,Magnoliopsida,3.13,82.02,14.85,0.892811253
Arabidopsis thaliana,Magnoliopsida,11.66,41.66,46.68,0.619868804
Astatotilapia calliptera,Actinopteri,25.26,68.86,5.88,0.803814161
Astatotilapia calliptera,Actinopteri,20.09,76.16,3.75,0.853181849
Astatotilapia calliptera,Actinopteri,22.42,69.7,7.88,0.809494827
Astatotilapia calliptera,Actinopteri,15.12,76.38,8.51,0.854635829
Astatotilapia calliptera,Actinopteri,24.08,70.17,5.74,0.812707108
Astatotilapia calliptera,Actinopteri,19.66,75.74,4.6,0.850341516
Astatotilapia calliptera,Actinopteri,25.8,70.28,3.92,0.813417191
Astatotilapia calliptera,Actinopteri,24.01,71.74,4.25,0.823290728
Astatotilapia calliptera,Actinopteri,24.06,71.43,4.5,0.821228106
Astatotilapia calliptera,Actinopteri,24.17,70.63,5.2,0.815784135
Astatotilapia calliptera,Actinopteri,28.14,63.43,8.43,0.767092717
Astatotilapia calliptera,Actinopteri,17.97,77.89,4.14,0.864881315
Astatotilapia calliptera,Actinopteri,27.71,68.84,3.45,0.803678907
Astatotilapia calliptera,Actinopteri,19.76,77.36,2.88,0.861297085
Astatotilapia calliptera,Actinopteri,21.66,74.44,3.9,0.84155001
Astatotilapia calliptera,Actinopteri,23.2,73.54,3.26,0.835463583
Astatotilapia calliptera,Actinopteri,24.71,70.28,5,0.813451004
Astatotilapia calliptera,Actinopteri,21.11,76.15,2.74,0.853114222
Astatotilapia calliptera,Actinopteri,20.98,75.24,3.78,0.846960168
Astatotilapia calliptera,Actinopteri,22.66,72.76,4.59,0.830154866
Astatotilapia calliptera,Actinopteri,24.53,68.6,6.87,0.80205586
Astatotilapia calliptera,Actinopteri,26.27,69.3,4.42,0.806823561
Astatotilapia calliptera,Actinopteri,13.93,78.51,7.56,0.869074187
Astatotilapia calliptera,Actinopteri,8.06,80.48,11.45,0.882430513
Astatotilapia calliptera,Actinopteri,19.54,75.51,4.95,0.848786096
Astatotilapia calliptera,Actinopteri,21.44,66.99,11.57,0.791167918
Astatotilapia calliptera,Actinopteri,23.63,72.6,3.77,0.829106648
Astatotilapia calliptera,Actinopteri,29.3,67,3.7,0.791235545
Astatotilapia calliptera,Actinopteri,25.18,68.66,6.16,0.802461622
Astatotilapia calliptera,Actinopteri,15.99,77.08,6.93,0.85940353
Astyanax mexicanus,Actinopteri,9.51,59.6,30.89,0.741191587
Astyanax mexicanus,Actinopteri,9.19,76.91,13.9,0.858253872
Astyanax mexicanus,Actinopteri,11.12,83.67,5.21,0.903969703
Astyanax mexicanus,Actinopteri,10.67,74.61,14.72,0.842699669
Astyanax mexicanus,Actinopteri,10.02,83.49,6.49,0.902752418
Astyanax mexicanus,Actinopteri,10.96,69.8,19.24,0.810171096
Astyanax mexicanus,Actinopteri,8.3,71.05,20.66,0.818590654
Astyanax mexicanus,Actinopteri,9.04,81.69,9.27,0.890579563
Astyanax mexicanus,Actinopteri,11.12,77.23,11.65,0.860417935
Astyanax mexicanus,Actinopteri,12.86,76.49,10.64,0.855447352
Astyanax mexicanus,Actinopteri,10.52,71.38,18.1,0.820856157
Astyanax mexicanus,Actinopteri,10.06,74.75,15.2,0.843612633
Astyanax mexicanus,Actinopteri,10.13,84.5,5.37,0.909582742
Astyanax mexicanus,Actinopteri,11.63,80.43,7.94,0.882058565
Astyanax mexicanus,Actinopteri,11.13,85.38,3.5,0.915500101
Astyanax mexicanus,Actinopteri,9.41,79.63,10.97,0.876614594
Astyanax mexicanus,Actinopteri,11.4,81.29,7.31,0.887874484
Astyanax mexicanus,Actinopteri,9.76,84.4,5.84,0.908906472
Astyanax mexicanus,Actinopteri,11.3,78.58,10.12,0.869547576
Astyanax mexicanus,Actinopteri,11,84.66,4.34,0.910664773
Astyanax mexicanus,Actinopteri,11.96,77.61,10.43,0.86298776
Astyanax mexicanus,Actinopteri,9.68,77.92,12.4,0.865084196
Astyanax mexicanus,Actinopteri,10.19,84.26,5.55,0.907959694
Astyanax mexicanus,Actinopteri,18.73,76.23,5.04,0.853655238
Astyanax mexicanus,Actinopteri,13,83.25,3.75,0.90112937
Astyanax mexicanus,Actinopteri,9.75,81.54,8.71,0.889565159
Astyanax mexicanus,Actinopteri,15.8,78.66,5.55,0.870054778
Astyanax mexicanus,Actinopteri,9.48,82.38,8.14,0.895245824
Astyanax mexicanus,Actinopteri,16.83,76.69,6.48,0.856766078
Astyanax mexicanus,Actinopteri,18.29,77.02,4.7,0.858963955
Betta splendens,Actinopteri,14.7,81.26,4.04,0.887671603
Betta splendens,Actinopteri,16.63,79.3,4.07,0.874416717
Betta splendens,Actinopteri,19.25,76.65,4.1,0.85649557
Betta splendens,Actinopteri,13.77,81.4,4.84,0.888584568
Betta splendens,Actinopteri,21.84,73.67,4.49,0.836342733
Betta splendens,Actinopteri,20.9,75.41,3.7,0.848076013
Betta splendens,Actinopteri,45.26,52.15,2.59,0.690809495
Betta splendens,Actinopteri,19.79,76.12,4.09,0.852911341
Betta splendens,Actinopteri,15.15,82.32,2.53,0.894840062
Betta splendens,Actinopteri,16.13,81.26,2.62,0.88763779
Betta splendens,Actinopteri,15.3,81.82,2.89,0.8914249
Betta splendens,Actinopteri,16.81,77.83,5.36,0.864475553
Betta splendens,Actinopteri,75.79,22.78,1.43,0.492189085
Betta splendens,Actinopteri,23.4,72.78,3.81,0.830357747
Betta splendens,Actinopteri,42.38,53.14,4.49,0.697470751
Betta splendens,Actinopteri,24.65,71.27,4.08,0.820112261
Betta splendens,Actinopteri,18.46,78.26,3.28,0.867383513
Betta splendens,Actinopteri,15.43,79.19,5.38,0.873672821
Betta splendens,Actinopteri,14.68,82.58,2.74,0.896598363
Betta splendens,Actinopteri,15.88,78.59,5.52,0.869649016
Betta splendens,Actinopteri,15.89,79.99,4.12,0.879082978
Betta splendens,Actinopteri,13.12,82.25,4.64,0.89433286
Betta splendens,Actinopteri,14.24,83.04,2.72,0.899709204
Betta splendens,Actinopteri,13.47,80.85,5.68,0.884898898
Betta splendens,Actinopteri,14.62,81.31,4.07,0.888009738
Betta splendens,Actinopteri,39.89,57.5,2.61,0.726989924
Betta splendens,Actinopteri,16.74,79.09,4.18,0.872962738
Betta splendens,Actinopteri,16.43,77.44,6.14,0.861804288
Betta splendens,Actinopteri,14.6,78.53,6.87,0.869209441
Betta splendens,Actinopteri,16.44,76.97,6.59,0.858659633
Bos grunniens,Livestock animals,11.49,74.79,13.72,0.843916954
Bos grunniens,Livestock animals,7.85,80.19,11.95,0.880469331
Bos grunniens,Livestock animals,9.64,79.07,11.29,0.872861297
Bos grunniens,Livestock animals,9.81,79.05,11.13,0.872759857
Bos grunniens,Livestock animals,10.78,74.64,14.58,0.84290255
Bos grunniens,Livestock animals,11.03,74.51,14.46,0.842023399
Bos grunniens,Livestock animals,10.5,74.49,15.01,0.841888145
Bos grunniens,Livestock animals,11.53,74.79,13.68,0.843916954
Bos grunniens,Livestock animals,7.79,80.27,11.94,0.880976533
Bos grunniens,Livestock animals,7.87,80.02,12.11,0.879285859
Bos grunniens,Livestock animals,13.44,67.14,19.42,0.792182322
Bos grunniens,Livestock animals,10.11,77.24,12.64,0.860519375
Bos grunniens,Livestock animals,13.79,69.05,17.16,0.805099074
Bos grunniens,Livestock animals,10.73,77.12,12.15,0.859674038
Bos grunniens,Livestock animals,13.1,61.25,25.64,0.752383851
Bos grunniens,Livestock animals,13.06,66.67,20.27,0.789003855
Bos grunniens,Livestock animals,10.34,78.97,10.69,0.872185027
Bos grunniens,Livestock animals,12.61,67.67,19.72,0.795766552
Bos grunniens,Livestock animals,14.91,72.94,12.15,0.831405965
Bos grunniens,Livestock animals,9.66,69,21.34,0.804760939
Bos grunniens,Livestock animals,10.79,76.32,12.89,0.85426388
Bos grunniens,Livestock animals,10.71,76.71,12.58,0.856901332
Bos grunniens,Livestock animals,11.52,74.72,13.76,0.843443565
Bos grunniens,Livestock animals,13.16,74.88,11.96,0.844525597
Bos grunniens,Livestock animals,10.35,76.64,13.01,0.856427943
Bos grunniens,Livestock animals,10.82,76.23,12.95,0.853655238
Bos grunniens,Livestock animals,10.29,77.6,12.11,0.862920133
Bos grunniens,Livestock animals,9.85,76.38,13.78,0.854635829
Bos grunniens,Livestock animals,13.77,65.69,20.55,0.782342598
Bos grunniens,Livestock animals,10.07,68.73,21.2,0.80293501
Bos mutus,Mammalia,14.17,82.72,3.11,0.897545141
Bos mutus,Mammalia,10.43,86.45,3.12,0.922770001
Bos mutus,Mammalia,18.05,79.26,2.69,0.87414621
Bos mutus,Mammalia,11.06,85.86,3.08,0.918780009
Bos mutus,Mammalia,10.14,86.81,3.05,0.925204572
Bos mutus,Mammalia,15.63,81.13,3.25,0.886758639
Bos mutus,Mammalia,14.58,82.06,3.36,0.893081761
Bos mutus,Mammalia,16.01,81.16,2.82,0.887029147
Bos mutus,Mammalia,16.66,80.74,2.6,0.884155001
Bos mutus,Mammalia,14.81,81.75,3.44,0.890985325
Bos mutus,Mammalia,15.79,80.83,3.38,0.884763644
Bos mutus,Mammalia,14.97,82.33,2.69,0.894941503
Bos mutus,Mammalia,10.74,85.42,3.84,0.915804423
Bos mutus,Mammalia,15.5,81.09,3.4,0.886555758
Bos mutus,Mammalia,9.88,87.12,3,0.927301008
Bos mutus,Mammalia,9.81,87.1,3.08,0.927199567
Bos mutus,Mammalia,10.79,86.26,2.95,0.921485088
Bos mutus,Mammalia,10.1,86.9,3,0.925813214
Bos mutus,Mammalia,10.44,86.46,3.1,0.922837628
Bos mutus,Mammalia,9.88,87.09,3.03,0.927098127
Bos mutus,Mammalia,10.24,86.65,3.11,0.92412254
Bos mutus,Mammalia,16.43,80.11,3.45,0.879928315
Bos mutus,Mammalia,22.01,75.56,2.43,0.849124231
Bos mutus,Mammalia,18.49,78.93,2.58,0.87191452
Bos mutus,Mammalia,10.68,85.69,3.63,0.917630351
Bos mutus,Mammalia,10.27,86.67,3.06,0.924257794
Bos mutus,Mammalia,9.83,87.06,3.11,0.926895246
Bos mutus,Mammalia,16.59,80.17,3.24,0.880300264
Bos mutus,Mammalia,21.29,76.09,2.62,0.85270846
Bos mutus,Mammalia,16.96,79.75,3.29,0.877459931
Bos taurus,Livestock animals,32.46,65.84,1.7,0.783390816
Bos taurus,Livestock animals,32.19,66.25,1.56,0.786163522
Bos taurus,Livestock animals,30.91,67.66,1.43,0.795698925
Bos taurus,Livestock animals,32.35,66.07,1.58,0.784946237
Bos taurus,Livestock animals,32.75,65.71,1.54,0.782511666
Bos taurus,Livestock animals,31.86,66.59,1.55,0.788462839
Bos taurus,Livestock animals,32.69,65.76,1.55,0.782849801
Bos taurus,Livestock animals,28.45,70.04,1.51,0.811794144
Bos taurus,Livestock animals,29.72,68.8,1.48,0.803408399
Bos taurus,Livestock animals,34.99,63.51,1.5,0.767633732
Bos taurus,Livestock animals,27.4,71.17,1.43,0.819435991
Bos taurus,Livestock animals,28.42,70.07,1.52,0.811963211
Bos taurus,Livestock animals,29.2,69.32,1.48,0.806925002
Bos taurus,Livestock animals,32.13,66.14,1.73,0.785419625
Bos taurus,Livestock animals,32.6,65.69,1.72,0.782342598
Bos taurus,Livestock animals,31.64,66.63,1.73,0.788733347
Bos taurus,Livestock animals,29.77,68.45,1.79,0.801007642
Bos taurus,Livestock animals,30.98,67.4,1.62,0.793940624
Bos taurus,Livestock animals,26.07,72.54,1.39,0.828700886
Bos taurus,Livestock animals,26.77,71.84,1.39,0.823966998
Bos taurus,Livestock animals,27.25,71.34,1.41,0.82058565
Bos taurus,Livestock animals,27.12,71.49,1.39,0.821600054
Bos taurus,Livestock animals,24.92,73.63,1.45,0.836072226
Bos taurus,Livestock animals,32.42,66.15,1.43,0.785487252
Bos taurus,Livestock animals,29.78,68.88,1.34,0.803949415
Bos taurus,Livestock animals,27.22,71.25,1.53,0.819977007
Bos taurus,Livestock animals,35.4,62.92,1.68,0.763643741
Bos taurus,Livestock animals,24.95,73.55,1.5,0.83553121
Bos taurus,Livestock animals,26.38,72.2,1.42,0.826401569
Bos taurus,Livestock animals,29.58,68.94,1.48,0.804355177
Callithrix jacchus,Mammalia,25.68,70.56,3.76,0.815310746
Callithrix jacchus,Mammalia,41.31,56.25,2.44,0.718536552
Callithrix jacchus,Mammalia,33.42,62.12,4.45,0.758267397
Callithrix jacchus,Mammalia,27.49,68.55,3.96,0.801717725
Callithrix jacchus,Mammalia,24.23,69.62,6.15,0.808953811
Callithrix jacchus,Mammalia,23.92,70.27,5.81,0.813349564
Callithrix jacchus,Mammalia,29.16,66.21,4.62,0.785926828
Callithrix jacchus,Mammalia,29.14,66.59,4.28,0.788429025
Callithrix jacchus,Mammalia,37.18,58.47,4.36,0.733515926
Callithrix jacchus,Mammalia,5.54,89.83,4.63,0.945627916
Callithrix jacchus,Mammalia,5.45,90.46,4.09,0.949888416
Callithrix jacchus,Mammalia,22.28,70.88,6.84,0.817474809
Callithrix jacchus,Mammalia,22.85,72.11,5.04,0.825792926
Callithrix jacchus,Mammalia,24.4,69.7,5.9,0.809494827
Callithrix jacchus,Mammalia,29.66,65.8,4.53,0.783154122
Callithrix jacchus,Mammalia,20.73,73.3,5.97,0.833840536
Callithrix jacchus,Mammalia,23.21,71.99,4.81,0.824947589
Callithrix jacchus,Mammalia,24.25,71,4.75,0.818286333
Callithrix jacchus,Mammalia,41.52,48.97,9.5,0.669337932
Callithrix jacchus,Mammalia,23.92,71.58,4.51,0.822174883
Callithrix jacchus,Mammalia,23.11,72.26,4.64,0.826773517
Callithrix jacchus,Mammalia,22.7,71.96,5.34,0.824778522
Callithrix jacchus,Mammalia,23.6,70.79,5.61,0.816866166
Callithrix jacchus,Mammalia,23.65,70.67,5.67,0.816088456
Callithrix jacchus,Mammalia,24.11,70.46,5.43,0.814634476
Callithrix jacchus,Mammalia,25.86,68.12,6.01,0.798843579
Callithrix jacchus,Mammalia,34.01,56.66,9.33,0.721309258
Callithrix jacchus,Mammalia,25.59,69,5.41,0.804760939
Callithrix jacchus,Mammalia,39.36,50.61,10.03,0.680394942
Callithrix jacchus,Mammalia,20.48,73.53,5.99,0.835395956
Camelus dromedarius,Mammalia,18.39,77.08,4.54,0.859369717
Camelus dromedarius,Mammalia,52.16,43.36,4.48,0.631365389
Camelus dromedarius,Mammalia,21.52,75.09,3.38,0.845979577
Camelus dromedarius,Mammalia,30.23,65.94,3.82,0.784100899
Camelus dromedarius,Mammalia,28.01,67.74,4.25,0.79623994
Camelus dromedarius,Mammalia,32.86,60.45,6.69,0.74693988
Camelus dromedarius,Mammalia,13.1,84.59,2.31,0.910191384
Camelus dromedarius,Mammalia,41.78,54.03,4.2,0.703489552
Camelus dromedarius,Mammalia,23.07,70.67,6.26,0.816054643
Camelus dromedarius,Mammalia,26.63,65.26,8.1,0.779502266
Camelus dromedarius,Mammalia,29.02,65.94,5.04,0.784067086
Camelus dromedarius,Mammalia,23.66,69.49,6.85,0.80807466
Camelus dromedarius,Mammalia,42.1,50.46,7.43,0.67941435
Camelus dromedarius,Mammalia,33.06,62.71,4.23,0.762223575
Camelus dromedarius,Mammalia,29.74,67.29,2.96,0.79323054
Camelus dromedarius,Mammalia,28.24,66.08,5.69,0.78498005
Camelus dromedarius,Mammalia,23.82,71.12,5.06,0.819097856
Camelus dromedarius,Mammalia,36.47,56.96,6.57,0.723338067
Camelus dromedarius,Mammalia,33.09,63.23,3.67,0.765773991
Camelus dromedarius,Mammalia,34.38,59.14,6.48,0.738080747
Camelus dromedarius,Mammalia,24.69,67.81,7.5,0.796713329
Camelus dromedarius,Mammalia,27.18,68.69,4.13,0.802664503
Camelus dromedarius,Mammalia,23.79,72.83,3.38,0.830662068
Camelus dromedarius,Mammalia,29.17,67.33,3.5,0.793467235
Camelus dromedarius,Mammalia,25.1,71.22,3.68,0.819774126
Camelus dromedarius,Mammalia,29.74,67.29,2.96,0.79323054
Camelus dromedarius,Mammalia,28.01,67.74,4.25,0.79623994
Camelus dromedarius,Mammalia,18.39,77.08,4.54,0.859369717
Camelus dromedarius,Mammalia,37.26,59.89,2.85,0.743152769
Camelus dromedarius,Mammalia,25.1,71.22,3.68,0.819774126
Canis lupus familiaris,Mammalia,24.19,73.29,2.52,0.833772909
Canis lupus familiaris,Mammalia,5.81,90.01,4.19,0.946811388
Canis lupus familiaris,Mammalia,5.92,90.07,4,0.947284777
Canis lupus familiaris,Mammalia,7.25,88.38,4.37,0.935822006
Canis lupus familiaris,Mammalia,11.4,79.49,9.11,0.87570163
Canis lupus familiaris,Mammalia,23.99,73.45,2.56,0.83485494
Canis lupus familiaris,Mammalia,7.11,89.71,3.18,0.944816393
Canis lupus familiaris,Mammalia,23.15,74.28,2.56,0.840501792
Canis lupus familiaris,Mammalia,22.75,74.7,2.55,0.843308311
Canis lupus familiaris,Mammalia,6.38,89.35,4.27,0.942381822
Canis lupus familiaris,Mammalia,7.21,89.61,3.19,0.94410631
Canis lupus familiaris,Mammalia,4.62,89.99,5.39,0.946709948
Canis lupus familiaris,Mammalia,6.21,90.3,3.49,0.948806384
Canis lupus familiaris,Mammalia,5.99,89.97,4.05,0.946540881
Canis lupus familiaris,Mammalia,5.38,90.67,3.95,0.951308582
Canis lupus familiaris,Mammalia,23.44,74,2.56,0.838574423
Canis lupus familiaris,Mammalia,5.79,89.88,4.33,0.945966051
Canis lupus familiaris,Mammalia,5.73,90.29,3.98,0.948738757
Canis lupus familiaris,Mammalia,5.91,87.98,6.11,0.933116927
Canis lupus familiaris,Mammalia,5.14,90.74,4.11,0.951815784
Canis lupus familiaris,Mammalia,5.06,91.24,3.71,0.955129506
Canis lupus familiaris,Mammalia,4.81,90.1,5.1,0.947420031
Canis lupus familiaris,Mammalia,7.03,89.84,3.13,0.945695543
Canis lupus familiaris,Mammalia,4.92,91.17,3.91,0.95468993
Canis lupus familiaris,Mammalia,6.63,88.73,4.64,0.93818895
Canis lupus familiaris,Mammalia,13.48,76.32,10.2,0.85426388
Canis lupus familiaris,Mammalia,6.03,89.67,4.3,0.944545885
Canis lupus familiaris,Mammalia,15.13,72.46,12.42,0.828126057
Canis lupus familiaris,Mammalia,23.9,73.54,2.56,0.835463583
Canis lupus familiaris,Mammalia,5.86,90.01,4.13,0.946845202
Capra hircus,Livestock animals,30.5,54.82,14.68,0.708865896
Capra hircus,Livestock animals,7.49,81.04,11.47,0.88618381
Capra hircus,Livestock animals,19.85,70.2,9.95,0.812876175
Capra hircus,Livestock animals,24.33,60.89,14.78,0.749915466
Capra hircus,Livestock animals,8.39,72.84,18.78,0.830695882
Capra hircus,Livestock animals,11.1,71.8,17.09,0.823730304
Capra hircus,Livestock animals,9.51,71.44,19.05,0.821261919
Capra hircus,Livestock animals,7.15,76.64,16.21,0.856427943
Capra hircus,Livestock animals,13.75,78.05,8.2,0.865963346
Capra hircus,Livestock animals,14.68,77.99,7.33,0.865557584
Capra hircus,Livestock animals,19.52,73.91,6.57,0.837965781
Capra hircus,Livestock animals,10.63,80.61,8.76,0.88327585
Capra hircus,Livestock animals,18.87,62.16,18.97,0.758504091
Capra hircus,Livestock animals,5.6,84.97,9.43,0.912761209
Capra hircus,Livestock animals,6.32,83,10.68,0.899438696
Capra hircus,Livestock animals,7.35,82.23,10.42,0.894231419
Capra hircus,Livestock animals,7.37,81.62,11.01,0.890106174
Capra hircus,Livestock animals,18.01,65.79,16.19,0.783086495
Capra hircus,Livestock animals,8.23,75.61,16.16,0.849462366
Capra hircus,Livestock animals,17.76,64.96,17.29,0.777405829
Capra hircus,Livestock animals,21.22,64.34,14.44,0.773246771
Capra hircus,Livestock animals,16.83,75.87,7.29,0.85125448
Capra hircus,Livestock animals,21.22,68,10.78,0.797998242
Capra hircus,Livestock animals,19.45,65.28,15.27,0.779603706
Capra hircus,Livestock animals,6.99,81.83,11.18,0.891526341
Capra hircus,Livestock animals,18.67,61.3,20.04,0.752654359
Capra hircus,Livestock animals,20.24,61.2,18.56,0.752011902
Capra hircus,Livestock animals,6.51,82.25,11.24,0.894366673
Capra hircus,Livestock animals,20.31,64.55,15.14,0.774666937
Capra hircus,Livestock animals,16.21,76.06,7.73,0.852505579
Carassius auratus,Actinopteri,26.76,67.96,5.28,0.797727734
Carassius auratus,Actinopteri,23.41,68.98,7.62,0.804591871
Carassius auratus,Actinopteri,20.46,70.52,9.03,0.815006425
Carassius auratus,Actinopteri,20.22,70.83,8.94,0.817170488
Carassius auratus,Actinopteri,24.43,69.41,6.16,0.807533644
Carassius auratus,Actinopteri,18.78,72.94,8.28,0.831405965
Carassius auratus,Actinopteri,16.48,76.37,7.15,0.854602015
Carassius auratus,Actinopteri,21.27,67.36,11.37,0.793670116
Carassius auratus,Actinopteri,23.3,66.46,10.24,0.787583688
Carassius auratus,Actinopteri,17.36,74.87,7.78,0.844424156
Carassius auratus,Actinopteri,21.48,70.41,8.11,0.814296341
Carassius auratus,Actinopteri,18.12,75.6,6.29,0.849360925
Carassius auratus,Actinopteri,20.85,67.66,11.48,0.795732738
Carassius auratus,Actinopteri,27.88,66.05,6.08,0.784777169
Carassius auratus,Actinopteri,25.88,64.22,9.9,0.772435247
Carassius auratus,Actinopteri,20.75,69.12,10.12,0.805606276
Carassius auratus,Actinopteri,27.69,66.04,6.28,0.784709542
Carassius auratus,Actinopteri,29.51,63.11,7.38,0.764928654
Carassius auratus,Actinopteri,25.96,61.77,12.28,0.755832826
Carassius auratus,Actinopteri,18.64,73.48,7.87,0.835091635
Carassius auratus,Actinopteri,24.33,66.4,9.27,0.787177927
Carassius auratus,Actinopteri,22.92,71.52,5.57,0.821769122
Carassius auratus,Actinopteri,25.44,65.7,8.86,0.782444039
Carassius auratus,Actinopteri,18.51,72.58,8.91,0.828971394
Carassius auratus,Actinopteri,26.77,64.17,9.06,0.772097112
Carassius auratus,Actinopteri,26.31,64.67,9.03,0.775444647
Carassius auratus,Actinopteri,16.95,76.51,6.54,0.855548793
Carassius auratus,Actinopteri,19.63,72.71,7.67,0.829816731
Carassius auratus,Actinopteri,21.11,70.92,7.97,0.817745317
Carassius auratus,Actinopteri,19.7,73.05,7.25,0.832149861
Castor canadensis,Mammalia,56,39.72,4.27,0.606782985
Castor canadensis,Mammalia,52.69,39.26,8.06,0.603604517
Castor canadensis,Mammalia,54.35,34.87,10.78,0.573950091
Castor canadensis,Mammalia,52.81,38.81,8.38,0.600595117
Castor canadensis,Mammalia,54.15,39.61,6.24,0.606005275
Castor canadensis,Mammalia,52.91,39.44,7.65,0.604855616
Castor canadensis,Mammalia,53.15,38.87,7.97,0.601034693
Castor canadensis,Mammalia,58.93,35.27,5.8,0.57665517
Castor canadensis,Mammalia,53.11,40.14,6.75,0.609589504
Castor canadensis,Mammalia,51.38,40.31,8.31,0.610739163
Castor canadensis,Mammalia,53.05,39.75,7.2,0.606952052
Castor canadensis,Mammalia,52.2,41.02,6.79,0.615506864
Castor canadensis,Mammalia,52.33,38.51,9.15,0.598600122
Castor canadensis,Mammalia,52.13,40.66,7.21,0.613106107
Castor canadensis,Mammalia,57.59,37.69,4.72,0.593020897
Castor canadensis,Mammalia,51.08,41.9,7.02,0.621491851
Castor canadensis,Mammalia,53.5,39.9,6.59,0.608000271
Castor canadensis,Mammalia,49.22,44.12,6.66,0.636505038
Castor canadensis,Mammalia,53.6,39.36,7.04,0.604314601
Castor canadensis,Mammalia,53.04,41.75,5.21,0.620477446
Castor canadensis,Mammalia,52.41,40.87,6.72,0.614526273
Castor canadensis,Mammalia,57.86,37.01,5.13,0.588422263
Castor canadensis,Mammalia,51.53,42.02,6.45,0.622303375
Castor canadensis,Mammalia,51.67,41.78,6.54,0.620714141
Castor canadensis,Mammalia,50.58,44.62,4.8,0.639886387
Castor canadensis,Mammalia,51.56,41.4,7.04,0.618110502
Castor canadensis,Mammalia,51.5,40.69,7.81,0.613308988
Castor canadensis,Mammalia,52.8,40.61,6.59,0.612767972
Castor canadensis,Mammalia,54.85,40.36,4.79,0.611077298
Castor canadensis,Mammalia,50.17,43.42,6.41,0.63177115
Cavia porcellus,Mammalia,10.05,83.88,6.07,0.905389869
Cavia porcellus,Mammalia,26.29,65.56,8.15,0.781497261
Cavia porcellus,Mammalia,29.64,62.55,7.81,0.761141543
Cavia porcellus,Mammalia,26.4,65.66,7.94,0.782173531
Cavia porcellus,Mammalia,27,64.63,8.37,0.775207953
Cavia porcellus,Mammalia,13.67,81.24,5.09,0.887536349
Cavia porcellus,Mammalia,11.02,83.99,4.99,0.906133766
Cavia porcellus,Mammalia,12.91,82.84,4.25,0.898356665
Cavia porcellus,Mammalia,18.25,77.7,4.05,0.863596402
Cavia porcellus,Mammalia,13.11,82.72,4.18,0.897511328
Cavia porcellus,Mammalia,29.86,62.28,7.86,0.759315615
Cavia porcellus,Mammalia,24.67,66.97,8.36,0.791032664
Cavia porcellus,Mammalia,27.44,63.42,9.14,0.76702509
Cavia porcellus,Mammalia,25.87,65.67,8.46,0.782241158
Cavia porcellus,Mammalia,26.67,63.71,9.62,0.768986272
Cavia porcellus,Mammalia,26.69,65.3,8.01,0.77973896
Cavia porcellus,Mammalia,14.79,81,4.2,0.885947116
Cavia porcellus,Mammalia,24.47,66.76,8.78,0.789578684
Cavia porcellus,Mammalia,28.04,64.27,7.69,0.772773382
Cavia porcellus,Mammalia,29.09,64.05,6.86,0.771285589
Cavia porcellus,Mammalia,26.92,65.21,7.87,0.779130317
Cavia porcellus,Mammalia,26.88,65.7,7.42,0.782444039
Cavia porcellus,Mammalia,25.2,66.66,8.14,0.788936228
Cavia porcellus,Mammalia,8.41,86.41,5.18,0.922499493
Cavia porcellus,Mammalia,12.03,82.73,5.25,0.897578954
Cavia porcellus,Mammalia,24.68,66.86,8.47,0.790254954
Cavia porcellus,Mammalia,12.36,83.25,4.39,0.90112937
Cavia porcellus,Mammalia,12.39,83.09,4.52,0.900047339
Cavia porcellus,Mammalia,27.9,64.68,7.41,0.775579901
Cavia porcellus,Mammalia,12.46,82.63,4.92,0.896902685
Cercocebus atys,Mammalia,13.42,84.88,1.71,0.912118753
Cercocebus atys,Mammalia,14.21,83.52,2.26,0.902989112
Cercocebus atys,Mammalia,11.54,84.58,3.88,0.910123757
Cercocebus atys,Mammalia,15.82,82.42,1.76,0.895516332
Cercocebus atys,Mammalia,14.02,84.52,1.45,0.909751809
Cercocebus atys,Mammalia,17.38,81.08,1.54,0.886454318
Cercocebus atys,Mammalia,17.34,81.31,1.35,0.888009738
Cercocebus atys,Mammalia,15.09,83.08,1.83,0.899979712
Cercocebus atys,Mammalia,16.32,82.2,1.47,0.894062352
Cercocebus atys,Mammalia,17.16,81.4,1.44,0.888618381
Cercocebus atys,Mammalia,17.75,80.78,1.47,0.884425509
Cercocebus atys,Mammalia,13.07,84.55,2.38,0.909920876
Cercocebus atys,Mammalia,15.67,82.77,1.56,0.897883276
Cercocebus atys,Mammalia,16.5,81.99,1.51,0.892608372
Cercocebus atys,Mammalia,12.82,84.49,2.69,0.909515115
